

%%CCO policy

X4=[154206971.314392
155388787.060447
156662391.017604
157993605.681416
159014965.861194
160353394.378591
161807805.252700
163070779.046233
163596392.178447
167851532.325538
170837939.646895
175231149.787821
179820050.428261
156336275.314328
156561198.269072
156713498.401594
156713498.401606
157575803.714411
158049220.693643
159122131.056438
160410599.019284
161682052.426549
164384174.409499
165688339.877233
166566937.880286
168052210.705373
169470976.389883
170862630.788729
171025311.213425
172532179.238665
174039047.263845
175427462.641447
176761175.653448
179820099.131106
179820099.131106
181349748.912199
156841620.256495
158104148.017625
159359954.983673
160422754.260716
161824330.416184
163232774.199716
163186394.471732
164486780.097691
165810062.343108
166567483.975411
168050801.447797
168052210.731208
169533603.401631
172362062.236612
174058174.311617
175468197.400818
175516461.660803
176774286.970153
181349748.912200
181349748.912200
181349748.912200
157265901.018263
157556088.464475
158153699.184752
159437915.199039
160422754.260858
160422754.260858
161830542.660388
163186512.890641
164642476.060807
165811281.312747
165811281.312747
167175196.554898
168604635.801079
169537483.559160
171000064.729005
172466626.029054
172428667.130740
173867020.615212
174060883.912251
175545915.288481
176823895.752461
177003330.536703
178302149.085239
181349748.912200
157687042.569139
158203330.981012
158714603.111657
159437915.255398
160463797.787147
161830542.660521
163233392.264954
163264548.312230
164598077.643554
164644861.633865
165906883.997659
167290466.831113
167237937.021234
168607155.967896
169537483.582126
171022040.185139
172460327.086921
172472116.227804
172478522.957320];

X5=[152612791.977159
152947255.116256
155613265.743837
158254310.290121
158266280.203329
159716512.721788
160645160.745737
161391183.422783
162917820.396085
164237909.851999
167342030.725191
167342207.617721
170363593.384831
171702495.428591
176512631.930551
178092560.904323
179694382.669909
153724340.723529
154305379.469427
155663503.814813
155762906.969096
157177744.614601
158258311.479423
159550512.682570
160645773.395892
162116752.215357
162917820.396919
164309313.361467
164371538.268529
167455144.311955
168927134.936142
170446150.347127
170444604.385676
171990449.429858
175039950.097894
176543006.076727
176544252.608388
178124588.819093
179719191.133076
154442057.668028
157021628.163719
157553544.439157
158592582.260106
159765430.857945
159660826.114047
159701039.189958
160935554.962628
162117355.440054
162919760.052504
164435288.195441
165913323.627207
165838496.135685
170471766.758030
170539232.925725
171995578.122094
173540798.513953
175092508.649437
176571679.514463
178144079.409011
179634288.719350
179719786.553732
181322768.432511
154538808.549478
154551923.879154
154625188.261286
154911933.042415
155632755.046528
156962941.758047
157120139.668454
158353812.152871
158652762.785373
159948824.573330
160962785.828926
162388088.846652
162411831.229018
163522491.844489
164960698.790741
167355864.432664
168895677.674590
170436623.282300
165935417.025113
165848681.634729
170538661.962687
170538722.796901
170541111.114620
171998212.034978
171998212.034978
171998212.034978
171998212.034978
173541260.061211
175095327.040610
176621698.884624
176643832.998309
178174491.562500
179726045.681997
154551489.001096
154987586.364425
155840400.198605
156275359.004113
158953597.384324];

X2=[157228851.928486
157827808.326836
160405340.511312
161115087.139317
162150783.880037
163487662.921549
164522253.230910
165754813.504542
166977015.617286
171069152.980013
172270159.841051
173599190.363515
177374082.397012
178396919.513897
179779818.084939
181162716.655980
157622670.193295
158063106.897816
158896530.205704
160185180.778141
160405340.511673
161149552.405136
162453118.615540
163261670.796147
164524142.263866
165872411.954468
166998150.539812
169006986.314424
171070742.416944
172433841.871469
172433841.871469
173619655.989486
174981666.946060
177418387.382091
180119707.482278
180150439.310877
181163371.742056
158374042.568599
159043525.663638
159260891.075415
159846691.039028
160100231.736856
161692781.287621
161473831.350578
161337460.877784
163756684.825590
164580865.148581
165874181.921906
166998254.991764
169655157.598566
170460211.055565
171075549.791703
172435011.864253
173787629.700443
175051580.351758
176350280.913001
177715873.479421
181523755.646400
181492408.879680
158517489.204992
159330983.811096
159932361.741367
160100231.736860
161694106.603764
162979939.392409
161475715.633348
161388259.983342
164268638.632036
164936359.618429
165918499.022092
166183326.459905
167057522.727611
168445252.872218
168410207.745531
169705776.645488
169874652.172937
171068982.567887
173183390.542417
173798530.762925
175054026.383242
176350376.293752
177752611.934738
180460328.889805
181492520.025092
158517897.022761
159384840.386714
159385839.896741
160307015.804627
160895828.727569
161360897.570807
161694106.603797
165022143.106989
167099660.605415
168448420.884601
169707091.958950
178774665.803437
181867156.825174
159413123.852228
159494251.779186
160307015.804917];

X1=[159025804.344087
160569386.270904
160562818.095404
160574978.334513
162231197.689568
161318326.419472
163508935.492659
163579095.549015
166277879.084899
168983361.678049
171588062.726692
171579005.293748
174177735.889867
175556052.602129
176934369.314420
178307186.091098
179624752.202922
179736228.687784
160589196.139546
163347737.347476
161796978.472558
162628794.144079
162577611.059188
164945763.261515
165687606.854982
166061863.201947
166289094.506717
167640912.066479
168955512.823963
169075939.685524
168987915.264213
170336160.897340
172953395.571482
171673465.698464
174294867.272425
175556052.602147
178312686.026711
179669181.428970
181009395.096448
181009395.096448
182394037.989974
161022155.724374
161770561.885164
161785173.920681
163656174.982069
163662909.721057
161797005.146951
165874774.116154
166521337.634405
167485918.678179
168827123.769013
168993155.730001
168993155.730001
170345399.393522
170345399.393522
170345399.393522
173020582.639773
173021892.061868
173970751.140107
171696199.863288
175659586.409527
176649129.847915
178020544.580044
178369192.124987
179685543.407802
179687507.475556
181058738.529390
182394042.202028
161310146.265232
161714039.552401
161770561.885203
164345273.493650
161987854.348931
164261253.585561
166253029.449092
166173987.943974
166162639.142045
166799175.211643
166882525.114926
168062580.451632
168834947.471181
170166254.866232
170697013.971963
171644883.834579
171582460.851369
173041759.335394
175335216.865196
174281819.282228
171697222.836396
175681977.781595
177024349.277641
178374355.859318
179691002.738990
179691002.739002
179691002.738990
179691002.739002
181066059.240599
161714060.082500
161714060.082500
161714060.082500];

