

%%%%CCT policy

X5=[129684209.461243
129688015.143852
130935206.110410
129688015.143852
130576789.209286
129762358.786347
127841779.286662
129348553.601994
128420001.626443
130576789.209286
129348898.322008
131009842.504169
129688015.143852
129162107.498094
129691664.796918
128343588.616228
128823353.763608
130935203.022831
130553878.735984
129687955.369465
130576789.209286
129691664.796918
127841855.951053
127841779.286662
128354213.405985
128773828.131464
129348898.322008
128828076.324028
130576789.209286
129968386.697445
130576788.727830
129687506.496158
129687955.369465
128767409.220633
129691664.796918
129812499.696958
128767412.727355
128768307.379744
129691664.796918
129762358.786347
128524239.156904
130554374.010206
129686219.733710
130678814.241210
128080237.796167
129186019.705383
130935206.110410
127841896.378243
130578704.191142
129822512.793495
129723792.370494
127842571.913502
129968385.324409
128826454.626916
130935693.622122
128518500.228927
129693689.769516
129688016.020517
128826345.051910
129187269.925135
128522502.115447
129187723.893775
127835897.780434
128352274.301762
128343588.616228
128742215.308079
128543482.460941
129687955.369465
128056129.980272
127835933.901087
129688016.020517
130935226.172278
128898837.961530
128769687.085053
128524239.156904
129781040.374595
129187634.483718
127841896.378243
129688015.143852
130576789.209286
128968619.411258
127835983.196914
128814134.844830
129361941.952675
128895878.952262
129046515.551715
128626996.007133
129762358.786347
126708668.559962
130935206.110410
128766055.925544
124966838.443570
130678814.241210
127279922.666874
129917515.452006
130935693.622122
126289863.145884
129885841.370294
129968385.324409
128741988.101332];

X1=[130636933.170391
131242656.596668
128919137.244222
129405248.332553
130636933.170391
130376014.027991
130082868.963405
130269374.867943
130636933.170391
131789960.024688
130566966.790090
131780389.755852
130872002.271395
130760503.794453
130792341.677766
131789960.024688
130872002.271395
130769741.225466
131960583.841683
130127719.654836
131041065.688478
128984064.672407
130871971.154634
130936669.212095
130633439.147787
130085624.017290
130763668.269068
131169870.922907
131794754.310594
130271122.460747
131780389.755852
128919137.244222
129085008.460876
128787281.173755
129405248.332553
130871971.154634
130570028.475064
128984064.672407
131781136.555732
131042003.339888
129085008.460876
130346294.052042
128718617.147498
130535542.806469
128984064.672407
130241508.121045
129097476.828402
130206036.278505
131789960.024688
130628101.476210
131904203.776541
130093678.149993
130158173.499227
130788596.161946
130399900.317312
130684731.065925
130636933.170391
130236537.767390
131780389.755894
131123648.304373
130872009.564386
131901510.977747
130362102.455010
131242571.809795
128919137.244222
131844494.663973
128718617.147498
130875954.095591
131721932.219724
131730762.321783
130636933.170391
128729058.330097
129802845.573236
130885880.291561
130271097.604550
128915271.654802
130129215.838567
129891441.239896
131932262.138505
130127714.168462
131266100.201224
128278870.187441
128729058.330097
130345522.304074
130129204.155326
130885880.291561
130696158.947123
130706400.788866
130785411.230122
130665064.501684
130636933.170391
130505237.952602
130886346.391335
130788612.045349
130279544.049387
130158171.552138
130566909.136694
130158305.925086
128836587.939984
130598195.648980];

X2=[129577956.038981
130035671.889272
131674988.587793
131239155.696720
130035671.020908
129577956.038981
129569182.875778
129577956.306717
129577956.038981
127563407.742741
129469089.194750
130701112.263412
129501672.645446
130692234.965748
129569182.875778
129577743.786865
129250087.460500
129442315.122190
129569182.875778
130758622.817643
129250169.229497
130580162.569265
130640446.678812
131239155.696720
131015483.581651
128509606.318221
127561450.663238
129352884.417158
129247439.146155
129577953.093888
128360974.973284
129577743.786865
129569182.875778
129577760.924645
131437605.718153
129577956.038981
129537123.572230
129577955.503510
129513192.586355
127880120.044160
130701057.583326
129906256.615213
130139429.491960
130654171.776650
129469091.510453
130019006.136726
129577760.924645
129577195.377892
130104338.320256
129440101.830298
130127777.246472
129577743.786865
130694361.083635
130700773.871113
129885165.141405
127564386.277224
128506526.759496
130703733.911806
130689769.096830
128515406.804064
129577606.684623
130703660.313188
129352884.417158
130373893.874621
129577760.924645
130758622.817643
129206423.794896
129568969.241713
129952231.476873
130192551.631274
130654166.154815
130654171.776650
130701057.583326
127715670.551450
130152758.326574
130576204.485725
130101895.193623
129469110.036071
129349379.109839
131481551.769027
130700773.871113
130692195.578498
130380826.837559
130701397.910127
130192551.631274
129577195.377892
127625761.837709
130759979.571521
130651935.632667
129577760.924645
129577956.038981
129537123.572230
129917392.261814
129250169.229497
129578579.666058
130758589.079547
130701149.583316
131448324.238598
129996861.280225
129419145.818135];


X3=[128928801.827516
127678799.850460
128706277.684300
129889015.844492
129105650.286622
129566335.243150
127948076.416684
128452044.743803
130149850.101286
128115352.614460
128977798.154085
128115335.395929
127969730.380367
131395694.768117
129105373.587274
128918667.800617
129890342.199475
129320946.476582
127969730.380367
131108140.094990
127917399.014005
128939232.966204
128835976.627116
129888689.281242
128115354.836206
129629598.982425
130249614.878172
129034617.887681
129891023.036988
129512734.585747
129620045.578902
130250747.424209
130636659.759675
130249614.878172
128207953.487313
128919799.799937
129105373.587273
129980857.224805
129578993.154422
129324253.093996
130613792.320633
130091780.839124
129888689.281242
130636561.205372
129586123.075605
128931054.629733
130636489.708010
129830128.702722
130191116.017968
128122211.392446
129980288.653655
129103133.568161
128706277.684300
128938137.273745
130250033.880571
129107119.037407
128706277.684300
129895348.407304
130554720.874374
128315789.285472
130408073.460708
130780603.995357
129887048.617272
129982435.854637
130637405.767661
129156667.647118
128928801.827516
130249614.325171
128928801.827516
129981142.065617
129361314.812581
128429422.559732
130636561.205372
128222190.266834
129246032.388586
128309929.630444
128592223.112840
128988975.425987
128066396.943296
127949470.131925
127969730.380367
128835976.627116
127969725.936868
129436606.869151
130134298.553453
129620046.687021
130250034.985929
127554333.145916
129107000.881929
127969730.380367
129100894.458634
128935952.457280
129344197.497158
130191080.114882
130782596.115756
128909121.604724
130249614.878172
130017350.347593
131395694.768117
129566335.243150];

