

%cct

X1=[134195589.647597
137569155.518633
143805741.252297
146750173.340554
148486805.033059
149542648.928617
152498635.097011
151297892.860062
153614466.359007
154687484.325882
156314790.635583
159746982.793549
160642300.722559
162541476.564825
164440652.407006
166339828.249284
168239004.091563
170062063.000775
179572059.777309
181474059.132909
139263117.178039
142641358.725314
144039427.118485
146950812.537507
148372033.971286
149767613.294889
150026677.844163
150555355.624665
153061949.279132
152318152.557230
154630137.460916
155402194.461246
156517063.220617
158321303.692682
161579591.009694
161710257.628717
164613273.207853
166503043.742500
168239004.091565
170138179.892147
172025508.895796
179623608.874870
181475230.885606
139832034.388819
140246106.562894
140990247.248372
142641358.744790
144299874.169498
147441003.603744
148666707.231916
148659296.107288
150148511.662636
151766621.214410
151796562.177627
153071567.540216
154826513.909658
155435362.232404
156517063.390286
158346642.454713
160176221.373695
161589617.681681
165052370.958213
166503043.743160
168239004.092769
172037267.019887
175832238.249581
181524083.167032
181524083.166836
140981564.305538
141899591.027238
142641420.470035
144330512.540296
146015257.202205
147680398.143567
148817929.707201
148944516.217919
150371256.916041
151946664.219479
153097292.884667
154826513.909796
156035366.721626
156517063.390307
160176221.516239
161780992.116751
161826272.334810
163394574.953511
165309299.137167
165168168.001825
166694773.657619
170144594.863349
173936531.618209
175835600.241148
181530299.831354
140993940.180794
141284362.770012
142087759.271007
142572120.301254
142831081.839296
144331324.257294
146018688.053162];

X2=[138165988.606549
138682912.281382
141837075.335940
143376725.180995
143434893.904710
143611203.816697
145077992.352570
151334168.718656
152740870.515555
162385439.331537
164055297.506629
165652060.229905
171794914.782745
177690882.491427
139271262.901276
139683794.579107
141190813.452007
141885724.902574
143228854.828330
144323551.144559
145203558.712479
145469210.190271
147096312.948531
148059398.774537
149055063.589039
149293054.422049
151127689.029609
155582248.066682
155560502.275338
156557411.515370
164190493.514869
164295473.194429
164446661.115494
166005281.659328
167607084.912782
173472158.959536
175427183.641788
177370926.852646
181260237.344879
141076182.185409
141453857.913926
142691375.401806
143287945.307695
144451079.300702
144613587.458119
146607953.074848
146795913.608277
146795913.608277
147929495.491883
148456832.627281
149776613.039220
152964322.252392
154119117.983472
156040516.586783
156486071.909860
156962288.628454
156970142.930046
164512455.862076
166247776.170441
167746117.226787
169696205.118562
171649421.308973
171649421.308973
173472570.906529
177382188.893244
142084757.877235
143247583.472880
144198461.029423
144823804.266094
146157665.883766
145987548.089788
146609896.373556
146795913.608302
148167356.941261
148171815.890742
148572863.795342
148589756.656694
150079143.375850
151643169.813466
153057727.137223
153077063.078769
154126548.269280
157024437.920843
160725597.908783
164290824.639154
166205507.057322
166423844.109864
167955265.812031
169900855.168881
171649498.366307
175427336.111364
179337057.328040
142351235.534935
143355827.546883
143528174.547538
143997943.385909
144200561.217398
146719387.186201
146795913.720593
179337233.006291];

X3=[149850439.436429
149975331.961928
152191808.899995
152381211.899849
154279616.668357
156286052.150919
156919210.890785
159009740.050836
160636639.258574
163008955.834742
164094809.935918
167707246.961178
169922944.397805
172186023.357081
176511358.238658
178815425.189991
178824828.122888
181136049.320528
151651156.321560
153318030.209739
154078727.947958
154345857.689201
156296246.574883
158022156.447165
159529154.391392
161100229.606507
163146511.569423
166228663.888327
166344258.015265
168289455.316348
169965938.686774
174483322.137940
176546833.551847
152432995.449789
152467590.165594
153324298.214465
153442185.586487
154078745.240029
154680274.121723
155896118.834931
156349833.608793
156349833.608793
158262506.921041
160239409.690600
161235270.676830
163190764.819051
164819848.933244
167265536.741363
167233972.067795
168407970.354323
168466136.336219
170283380.955944
172224778.695113
176695538.361003
178998958.118195
153446827.005883
154604368.604246
154762397.943837
155965665.529447
156022763.060962
156659576.729808
157897189.286863
158326929.544050
160301035.642631
160301035.642631
161314404.280836
162805715.679161
163190798.354112
165279569.428043
168524395.879450
170653080.127524
170651799.530814
172725529.011726
176742013.863527
176802654.201715
178975260.234913
181244559.464793
153670825.847308
154117265.665099
154255756.543403
154767919.097039
155117221.895761
155456540.132290
156327179.616720
157996493.185621
158317220.319739
158353859.985323
160301661.607945
161449226.576739
163201961.708426
165282296.272587
167371830.373701
168527277.311695
168576430.932503
170651799.536370
172838778.317673
172837462.732074
172837462.732074
172837462.732074
175026492.646405];


X4=[130387574.658077
132784048.153086
134352077.477320
138290001.467035
140253589.843730
141472235.738213
141475634.718158
143831191.363697
143867216.033490
145880864.967047
147853085.591847
148988675.115688
153352493.236214
155481878.443389
161932067.626478
166307810.510457
168562597.846643
172943589.918754
174889578.511971
177011873.658575
181528476.139078
132980926.557491
134639673.234417
137447871.123765
140258845.729088
142037594.361315
143497808.789432
145277871.688424
147908843.451971
149967826.135283
151735278.838741
153352854.775332
155534610.720026
157693674.486270
159877861.141850
162040806.343757
164124669.733189
168498608.795241
170683553.394436
172591141.445185
174989287.343564
179235578.466410
179322190.505609
133460103.634162
133863373.970905
134674459.840842
136529823.107803
140258963.461401
142168729.837000
143937149.900209
145459787.472972
145521429.247545
145497313.764734
147990561.493785
150012297.762751
150012297.762751
151897760.620723
153384296.281785
155534944.603581
157715721.138190
159896481.256534
164246234.453010
164259026.050549
164246234.453010
166413424.944002
170683745.404859
172870163.144781
172964461.372480
174653893.518625
175025896.722506
181703233.877957
135330478.344577
135586637.893027
136529823.108127
140258963.461893
140258963.461893
142224713.343986
142222815.968456
144003201.128962
145523381.838764
145526812.605217
148027358.399119
150100440.751819
152084919.009686
153392982.760776
155544630.475240
157716728.203839
159898804.414192
159901367.634730
162080075.282588
164252669.289637
166419561.773146
168599943.970963
170686351.498879
175134085.954807
175058313.198670
177303369.292026
179514366.202629
135586637.893035
135586637.893035];

