


%%%%CT policy
%change
X1=[130793187.974970
129951993.464235
130973494.145247
130948404.703441
130950968.432463
130793130.760430
130188932.287161
129768753.036495
130019779.730024
130973598.551021
130948385.506227
130710967.817344
130939738.440818
130188932.287161
130188932.287161
130710884.104839
130973497.432610
130948385.506227
130939313.283358
130953417.906219
130957425.255331
130930731.123919
130710967.817344
130939738.440818
130948404.703441
130711010.041473
130188929.142868
129952041.314220
130973030.316499
130710967.858219
130939738.440818
130946762.399545
130973494.552982
130948318.014278
129945668.226999
130793187.974970
130314074.201349
130916104.672046
130260448.140727
130953417.906219
130579610.449647
130973494.145247
130950968.432463
130948408.954047
130046283.553093
130947109.154825
130939738.440818
130260454.063033
130710967.858219
130939372.862199
130953417.906219
130939313.283358
130160631.878343
130942740.253609
130401277.237096
130597855.209855
130953417.906219
130939313.283358
130046285.401621
130933773.637406
130597855.209855
130963958.660517
130180163.361368
129977139.212299
130793016.456646
130973494.960717
130955984.487819
130948337.905381
130046283.553093
130953417.906219
129768753.036495
130939738.440818
130913919.970420
130005757.408984
130948804.195251
130939738.383042
130973383.035995
130953414.777177
130939665.081448
130160631.827604
130705572.855250
130624064.305522
130948404.703441
130939845.351913
130005792.430007
130948408.904536
130710967.858219
130973383.035995
130953395.019514
130939845.351913
130933773.637406
130973383.035995
130939372.862199
130037677.253465
130948385.506227
130973030.316499
130780682.987144
130793187.974970
130972790.228066
130948404.703440];

X2=[130801761.038548
130924192.438168
130919110.775255
130536187.776741
131013022.153214
130880686.330804
130801761.038548
130903156.538258
130924192.438168
130986087.471389
130986190.081580
130880686.330804
130996368.018802
130919110.775255
131009375.932876
130818580.481317
130915707.461938
130845801.300792
130919110.395783
130997213.738999
130919745.006671
130919110.775255
130711523.749667
130919767.854349
130881406.233796
130880025.297667
130634620.431172
130954214.971486
130967183.167916
130855846.862544
130802168.522202
130919745.006671
130832330.169494
130764096.154255
130699394.512112
130986087.471389
130704559.895430
130704604.945832
130852229.925058
130941063.439186
130845801.300792
130880168.705827
130880025.297667
130997213.738999
131010234.265545
130874284.827358
130736013.505353
131014077.875099
130774764.568509
130861178.307169
130805270.243665
130850804.844904
130986130.443633
130805287.612385
130940793.540848
130994226.975907
130919767.854349
130880686.330804
130736013.505353
130967183.167916
130944691.895283
130967183.167916
130999806.386293
130734977.447399
130801761.038548
130996370.110074
130924149.539405
130840345.173548
130919110.395783
130881406.261062
130997029.424382
130955224.468718
131014025.541876
130802170.698816
130634620.431172
130987007.795583
130924192.438168
130986087.471389
130802168.522202
130734977.447399
130884926.069978
130555339.966295
130915329.011982
130987141.788448
130764122.740725
130919110.775255
130986099.760495
130834775.515797
130775486.076611
130769045.363734
130805286.972839
130987098.950016
130736079.985936
130880571.485753
130986142.685949
130711522.293558
130536187.977855
130997214.272081
130649861.417051
130996370.091839];

X3=[130716985.470628
130761169.955975
130724096.072547
130940452.528631
130958187.212170
130738395.622046
130760648.146257
130955394.184058
130761169.955975
130760648.146257
130717042.706257
130676936.821340
130958468.724703
130995120.471458
130958187.212170
130760648.146257
130716981.103363
130958187.212170
130931606.620847
130793209.559419
130724093.529378
130994865.848619
130717042.706257
130995033.895165
130940453.070291
130856438.119361
130724306.324295
130995120.471458
130716981.120423
130716981.103363
130716985.470628
130995120.471458
130716981.103363
130994213.048687
130738395.622046
130895103.593785
130955399.083437
130732181.430094
130795879.501842
130955621.566925
130895949.379371
130701756.636210
130926060.577502
130845914.691839
130716980.983946
130716985.470628
130761169.955975
130713503.167500
130962654.295651
130761169.955975
130716981.120423
130856438.119361
130760648.146257
130724093.529378
130716981.103363
130994063.052355
130957905.700061
130736252.344403
130913425.639777
130738395.622046
130934399.381867
130995238.749754
130931606.620847
130941579.046702
130760648.146257
130995120.471458
130716981.120423
130994175.819484
130675384.481960
130957909.405354
130861196.340311
130714737.404139
130717052.487504
130738395.622046
130724096.072547
130962418.428685
130856432.783019
130984028.297805
130795881.702274
130716981.120423
130985901.572424
130943301.287436
130716985.470628
130962654.295651
130856419.476318
130717042.706257
130931606.620847
130806980.575075
130716961.334058
130957909.422534
130990330.653981
130728312.507579
130856438.119361
130717051.711036
130944398.304697
130722890.946220
130760648.146257
130895181.006623
130728547.789053
130761248.574662];

X4=[130985395.023090
130385248.516723
130985418.678683
130264479.823252
130652896.596836
130985395.023090
130795415.423482
130394813.944969
130917655.795875
130985543.476090
130385248.516723
130443815.248738
130424294.946419
130393855.912867
130690305.298725
130915029.464729
130697188.197710
130267701.347331
130793092.574551
130048851.566956
130261487.243911
130523185.861665
130394747.665449
130452596.364205
130452596.308044
130424294.946419
130719097.911872
130113226.458196
130113226.328527
130652872.931627
130823728.380407
130393466.346296
130923781.456626
130244224.546450
130115524.995394
130917655.795875
130369032.473978
130915267.011739
130113226.458196
130036235.353903
130823728.380407
130394813.944969
130524012.154228
130393793.390084
130795019.378901
130792851.534622
130261487.243911
130709234.900168
130985549.346382
130985395.023090
130719077.774690
130949861.374686
130916300.206700
130550935.648105
130699214.738800
130261487.243911
130795408.757064
130656549.772710
130795137.453518
129940169.313005
130297327.948829
130265750.412301
130795615.265273
130113226.458196
130523185.861665
130985549.346382
130945039.016263
130985418.678683
130923781.456626
130394813.944969
130697188.197710
130394813.432664
130386937.365646
130048416.425426
130452615.739865
131001198.516805
130792851.534622
130916302.688623
130753851.010005
130690305.357654
130454436.602582
130719118.051504
130925263.119831
130985549.796518
130393466.346296
130109508.613850
129930013.806133
130915267.011739
130750648.932095
130048416.425426
130756251.662569
130795019.378901
130394020.444086
130394747.665449
130915029.464729
130915268.548861
130115524.995394
130418687.749975
130696697.522599
130049059.245287];


%%%%%%%%%%%%%%%%%%%%%%%%%%%%%%%%%%%%%%%%%%%%%%%%%%%%%%%%%%%%%%%%%%%%%%%%%%%%%

