

%%CCO policy

X4=[130423650.986141
127972597.979414
129766424.806452
127895966.589163
130786247.533400
128764501.763408
127765363.646431
128088697.777032
130677833.290793
130786298.598981
129847695.229519
130677834.905205
128590486.388065
130786196.467818
130786247.533400
128235385.792223
127970847.804921
130423578.302729
128764501.763408
130786230.519813
128307747.143332
127976410.876559
127964104.243485
129800693.991480
129781836.559921
127895966.589163
127963769.702577
130592426.552494
130592390.434213
129642994.394893
129873256.218518
127899381.688087
128764501.763408
127895966.589163
127899025.572660
127974982.760779
127899381.688087
129072783.810188
127955700.607851
130109402.098893
129726195.540059
130429426.930572
129332015.733373
128795241.840648
130919193.878795
130592426.552494
130786945.044997
130370093.784452
129742500.991090
130814579.704012
130677834.905205
130682025.899647
127965860.073686
130122864.852333
130693608.258730
128263621.616098
129873256.218518
129123924.086643
128767805.296061
127955702.060006
129120874.358719
128795241.840648
128695824.679389
130919193.878795
128088697.777034
127963792.981144
129682236.542840
129805152.780624
130219650.194862
130404841.799422
128988212.340168
128063402.279629
129724794.912300
130423960.285983
127964104.243485
127896532.639269
129519730.971480
128256754.256719
129724804.638882
130423650.986141
130827774.141004
127976410.876559
129695459.527813
130592426.552494
130786196.467818
130650516.114553
127899381.688087
128695824.679389
130919309.636097
127996862.125492
130919193.878795
128088697.777032
128235385.263584
128746788.210105
130150587.024817
129637431.943432
128260526.737442
127976592.863362
128518084.305484
129804986.335005];

X3=[130988481.099890
130049245.344892
131134715.607598
130982039.193148
130401801.319126
131197583.330418
130987576.787428
127808359.882566
130982039.193148
130982037.261366
127807743.065376
128403838.098502
130987573.695066
130127117.401839
129173313.906334
129452102.359698
131091141.357842
130695268.695393
127956889.326392
127815727.449709
128349322.538134
130087941.523192
130127117.401839
130981940.285863
128033921.844467
129173313.906334
130672330.228037
128818641.627508
129173313.906334
131198683.711573
127800018.779403
131170680.115144
130401801.319126
129266293.791463
130982039.193148
127800018.779403
128612756.752384
127807337.349463
130696223.786192
127890023.092251
130087941.523192
130165643.769756
129240593.203884
127815729.544408
127807743.065376
130672330.827537
127862013.435561
127808236.519153
130127117.401839
130672330.228037
129246111.846267
128643801.832580
129216698.910345
130725166.444099
130204584.136917
129452102.359698
127890023.092251
127934814.213957
129404244.028290
130645000.494709
128403838.098502
127988292.659256
130988481.099890
127808491.829797
130982039.193148
129216698.910345
129266293.791463
130672584.798495
130672273.794729
131354090.853276
127942580.027666
130982032.138079
130987577.956356
128373458.089090
128061578.374517
128315066.164128
130987715.796219
127877785.796338
127816382.043014
127807866.428839
129616066.582038
129273544.049103
128565613.540325
129173313.906334
128349322.538134
129216019.102715
130980155.845505
130131527.383036
130982064.692680
130982039.193148
130982033.011444
127808236.519153
129415356.866996
127618242.608766
128995954.788925
128403838.098502
129452102.359698
130997757.931573
128349322.538134
127809602.098973];

X5=[129776427.018039
130119491.955728
127800235.650654
128632025.635935
130481675.851792
130042300.657087
129446530.929479
129008330.418186
128829321.674205
130001132.530976
130508010.983692
129652293.421288
127623501.916163
128494033.978626
130321903.580521
128738460.154026
128493232.970157
129379946.734035
128760634.715235
129790039.417054
130320892.945135
130482463.008007
130185471.516192
129331956.479520
129511948.943389
129862682.290381
130677878.752903
130321393.731275
128776578.758911
129654090.439818
128916150.004247
129413202.964005
129862680.867225
128546460.231824
129890338.774266
130129205.626190
129862682.290381
130175532.448692
130288328.897587
129654090.439818
128403254.714221
130482463.008007
129413202.964005
129890338.774266
129862682.290381
129563755.422682
130195848.404156
129715084.606404
129658007.051094
129599407.862089
129020697.392453
128799097.797251
129654463.591246
129379949.188257
129777337.544312
129861817.383049
129894176.625364
129171089.258229
130288328.897587
130175532.448692
129688669.984639
127453771.917880
130124034.171156
129672100.647247
129661722.060228
129654090.439818
130295845.457664
129253583.946765
129834585.415116
130124655.670236
128295684.721193
129020625.673361
129777860.997064
130236919.551964
128632025.635935
129862680.867225
129408361.119461
129893356.087635
129622013.294946
127649028.168598
129213442.122017
128531142.875508
129413202.964005
130281326.854671
129945160.126666
129563755.422682
129469308.304471
130339657.169035
130294473.456933
128044083.576919
129659807.244174
126778801.054818
129834585.415116
128494995.400602
129444634.206542
125634342.811001
130259627.290877
130321617.928390
129637510.947526
129804879.520470];



X2=[130706754.157467
128770355.419201
128771197.327465
131059465.536676
127675797.624851
127676093.009310
128770355.419201
129070366.931395
128054902.559242
129459257.042332
130706530.074100
129702392.081060
127675304.720726
128070654.919974
131500004.470464
129070366.931395
129788851.217486
129788865.442942
128311516.614737
129919793.461663
129511986.838425
127676093.009310
129702392.081060
129399376.697109
129253913.975471
129003461.791806
130859273.043340
128522541.205096
128553701.522789
129778272.054010
129702808.710723
127676093.009310
128772710.080786
129788861.941291
128771302.563627
127928341.799323
128311373.261231
129449644.689858
129003461.791806
128770355.419201
127676093.009310
129472669.719575
128311303.225930
129461756.547158
128414892.719666
128794049.717316
129003461.791806
130390403.938708
128662296.008794
129406868.866489
129511986.838425
128770355.419202
131792198.675656
128770355.419201
129407346.498454
129704269.645492
128772710.080786
127676783.431379
127675582.771169
130856704.150807
128878972.238541
128150377.742225
127442813.068032
130706723.083407
128794654.246402
128053256.560502
129511990.247293
128773605.207179
130389964.689488
128632547.235336
128558299.938520
129452879.728041
129499770.631134
129470583.457743
128070593.387319
128102982.407148
128273928.240878
127932218.023574
127671947.827763
129702333.406956
130390395.397864
128524529.535923
130867890.684484
127985880.414262
128120924.583529
130675338.063093
128877379.246526
128772710.080786
130647372.556216
129788851.217486
129406868.866490
127944078.966930
130857151.308096
129700472.829669
128829684.830441
128558300.178881
128215818.255708
128150377.742225
129399376.240046
129323742.173701];

