


%%%%CT policy

X3=[165131560.010049
166949987.026806
167996664.223301
170090018.616290
171136695.812784
171136695.812784
172036174.310409
172871264.058355
173945537.458869
177169464.054996
180393718.382722
165947588.504417
165985600.279855
166781588.562385
167078178.430573
167564899.009054
168272014.611549
169129926.473555
171136937.438829
172178553.453497
172182164.086156
173066560.282688
174118038.503648
174707231.451363
176094084.260280
178242631.060924
178242631.060924
179316904.461438
180391177.861951
181465451.262465
181468779.745697
166336112.161435
167086622.793521
168239458.649544
168747229.752972
168792301.624226
169257169.418047
170284425.098207
171127814.889688
171207625.099516
172183373.019512
173228326.110140
175111710.232980
175136773.323550
175775760.824008
176841870.628330
177169206.339273
179316578.959193
179317335.431847
180391177.861970
181465451.262465
167087033.127406
168923736.595821
169231953.915477
169677722.568215
169572586.297335
170284425.098229
171283065.343195
172183606.789285
173230046.848598
174272230.114282
175167061.914352
175936597.216623
176173942.458053
176842974.206509
177904643.564142
180390778.295162
181465500.880188
167615118.905161
168134735.653012
169027168.022223
169231953.915490
169705012.626567
169573707.790425
170389653.856331
170536947.029911
171311791.524990
171339771.233035
172187506.411883
173230050.223947
174276727.389296
175169418.099899
176216999.456610
176276781.655841
176844668.937191
177909190.216814
179324199.855716
178976509.805298
180040692.095856
180391241.147081
181464719.627269
181464701.321873
181464701.321873
181464701.321873
167624277.052487
167758725.124287
168168232.485362
168373845.258164
169033855.523236
169763199.193190];

X1=[167709813.632596
168385889.083440
169798143.846102
169697354.802233
170951034.619630
171613796.613315
174179106.903309
175957884.341828
176711951.241273
168615768.687836
169291088.183446
169371728.460419
170590804.486989
170632456.971141
170239193.079283
170506477.852669
171466770.095879
172387150.163657
172301083.220767
172391672.471348
172699331.331206
172702477.917579
173293503.573966
173390454.466555
174278783.379801
175144215.504606
176845367.568347
178627939.048205
179650804.605501
168695111.560406
169291400.815788
169472737.215223
170164482.349097
171255614.936737
170370950.309829
170668190.348788
170777078.481170
172301083.220895
172849985.633215
173554527.793625
174167538.046456
174278783.379820
175167112.301988
176849343.840100
177740803.338373
178630955.728348
178630758.279197
179519617.046347
180241089.713083
168956480.163853
169766837.056457
170177606.094899
170302977.637956
171334774.534326
171497377.318403
171421432.329336
172148370.522722
170802339.981282
172301308.887486
173065002.621807
173576537.744538
174174362.168436
175055220.762906
175287866.938155
175230959.574621
176735164.688048
176853258.414770
177740803.338374
178631710.166165
179523311.830101
180414189.619891
181139397.865738
169766844.668973
170446513.215337
170490093.235561
171426302.908426
171487814.390036
172256138.267222
172256138.267222
172253969.663842
171049849.414732
171043707.021852
173092532.211218
173135259.287890
173223065.442404
173615871.973142
174447167.989588
175055264.395938
175929823.839338
176867714.204686
177677549.980029
178632262.836646
179523706.679342
181140675.565021
169882602.008333
169942470.819606
170450744.089342
170495634.200356
171072064.357695
180415181.832538];

X2=[161866980.879488
161938092.065575
162480527.890860
163273780.618226
163129394.852671
164117875.812032
164424797.313627
164874719.277145
165764276.908113
166653674.401128
167404432.023420
168036163.521760
169218095.683796
169406623.071657
171398970.207429
176491428.630241
177423105.082916
178413576.800496
179345785.496990
162066034.276667
162737038.382090
163275568.346276
164117875.814203
164540728.463965
165010929.476424
165998921.405484
166436936.813439
167046124.428036
167539038.387461
168249639.860542
168863729.486647
169906297.117973
170190628.968538
171028082.046748
171441318.582198
178442680.885314
178442680.885314
179427640.770492
181375185.612150
162143658.428853
162615808.471432
163299352.784367
163967656.176968
164966330.307109
164949720.882159
166658189.795146
166860854.132520
167175775.838510
167448567.204025
167543242.075911
168301137.628351
168860966.862638
168976158.645891
169128319.250748
169986428.970262
170580367.372018
170656868.421523
171163162.253293
172135523.412499
172986436.238002
173476516.138472
174495621.488787
178532971.471440
179462256.687703
180480050.967303
181390178.074207
181388352.792106
162414959.613590
162745175.356812
162869704.554367
162874575.142114
163275150.787403
163397534.070418
163552213.562888
163364636.063386
163967656.179757
166638251.244022
164961971.008886
165806070.719287
166985735.242748
167298722.263415
167543392.170049
168419382.340033
168874915.705801
169131367.980072
170683887.559368
171376731.307473
173108086.475416
173108041.711750
173860910.298553
173957850.588965
174726235.275661
175512950.144309
178560165.165954
179462256.687713
179462256.687712
180481771.814921
181469588.041926
162734521.667256
163558515.761358];

X5=[157911411.615255
159849116.939144
161330455.383064
162364319.207365
162949547.992512
162929178.397339
163520859.085191
164558535.124755
166603382.809574
169720542.021609
170760246.871017
170877402.245338
171738861.878367
172565573.545647
172630645.877304
173607984.199042
176824663.100843
177692999.990488
180939726.175960
157934736.397938
159225970.383717
159668362.102868
159668910.390718
159849362.190341
160818203.634296
161787045.078272
162532773.038909
163365295.175700
163968019.436556
164963406.950171
165734188.233464
166633887.203883
166633887.203883
167671315.291013
168682774.553588
169722470.425563
170760246.871539
170760246.871539
171783275.271863
172784795.102058
172820442.286029
173703582.997653
174776520.118002
175849457.238351
175849457.238351
176828180.870420
177812393.196804
178776295.000193
159331843.701583
159687419.871383
160563761.608105
160763724.879339
160844908.645977
161812801.387996
162563110.783120
164105404.160260
164117851.938482
164986288.076727
166754697.230240
167671553.455390
168706908.744102
168813011.337672
169722487.195543
170761206.143838
171799951.721468
171917241.859119
172792626.008792
173824974.675475
173830728.327906
173870015.219652
174784456.965910
175763255.526199
175849457.238376
176923796.806335
176922345.901341
177898987.750185
179973496.124562
180938588.617340
159997678.695496
160169549.442962
160980111.507751
161554099.699499
161461269.074161
162717350.329336
163655974.567142
163542285.765649
164362681.015842
165106562.915891
166004556.717224
167671563.243483
168709166.534927
169745580.446278
169851691.167525
170762166.297560
171800906.532066
171800906.532066
172824434.560120
173832157.209096
174784456.965936
176846773.466844];

